0
0     -11     -2
1     3     0
0
0     -11     -2
1     3     0
0
0     -11     -2
1     3     0
0
0     -11     -2
1     3     0
0
0     -11     -2
1     3     0
0
0     -11     -2
1     3     0
0
0     -11     -2
1     3     0
0
0     -11     -2
1     3     0
0
0     -11     -2
1     3     0
0
0     -11     -2
1     3     0
0
0     -11     -2
1     3     0
0
0     -11     -2
1     3     0
0
0     -11     -2
1     3     0
0
0     -11     -2
1     3     0
0
0     -11     -2
1     3     0
0
0     -11     -2
1     3     0
